0,0,0,0,0,0,0,0,0,0,0,0,0,0,0,0,0,0,0,0,0,0,0,0,0,0,0,0,0,0,0,0,0,0,0,0,0,0,0,0
0.015,0.015,0.035,0.015,0.5,0.5,0.5,0.5,0.5,0.5,0.42,0.5,0.5,0.5,0.5,0.5,0.5,0.5,0.5,0.5,0.5,0.5,0.465,0.5,0.5,0.49,0.5,0.5,0.5,0.5,0.5,0.5,0.5,0.5,0.5,0.5,0.5,0.5,0.5,0.5
0.015,0.015,0.035,0.015,0.5,0.5,0.5,0.5,0.5,0.5,0.5,0.5,0.5,0.5,0.5,0.485,0.5,0.5,0.5,0.5,0.39,0.5,0.5,0.5,0.5,0.5,0.5,0.5,0.5,0.5,0.485,0.5,0.5,0.5,0.5,0.5,0.52,0.5,0.5,0.5
0.015,0.015,0.035,0.015,0.5,0.5,0.5,0.5,0.5,0.5,0.5,0.5,0.5,0.405,0.5,0.5,0.5,0.42,0.5,0.5,0.5,0.5,0.5,0.5,0.5,0.5,0.5,0.5,0.5,0.5,0.5,0.385,0.5,0.5,0.5,0.5,0.5,0.5,0.5,0.5
0.015,0.015,0.035,0.015,0.5,0.5,0.5,0.5,0.5,0.495,0.49,0.5,0.5,0.5,0.5,0.5,0.5,0.5,0.5,0.5,0.5,0.5,0.5,0.5,0.5,0.5,0.5,0.335,0.5,0.5,0.5,0.5,0.5,0.5,0.5,0.5,0.5,0.5,0.5,0.5
0.015,0.015,0.035,0.015,0.5,0.5,0.5,0.5,0.5,0.5,0.5,0.5,0.5,0.5,0.5,0.47,0.5,0.5,0.5,0.5,0.5,0.5,0.425,0.5,0.5,0.5,0.5,0.5,0.5,0.5,0.5,0.5,0.5,0.5,0.5,0.365,0.5,0.5,0.5,0.5
0.015,0.015,0.035,0.015,0.5,0.5,0.5,0.5,0.5,0.5,0.5,0.5,0.5,0.5,0.5,0.5,0.5,0.5,0.5,0.5,0.39,0.5,0.5,0.5,0.5,0.425,0.5,0.5,0.5,0.5,0.5,0.5,0.5,0.5,0.5,0.5,0.5,0.5,0.5,0.5
0.015,0.015,0.035,0.015,0.5,0.5,0.5,0.5,0.5,0.5,0.5,0.5,0.5,0.5,0.5,0.5,0.5,0.485,0.5,0.5,0.5,0.5,0.5,0.5,0.5,0.5,0.4,0.28,0.5,0.5,0.5,0.5,0.5,0.5,0.5,0.5,0.5,0.5,0.5,0.5
0.015,0.015,0.035,0.015,0.5,0.5,0.5,0.5,0.5,0.5,0.5,0.5,0.5,0.5,0.47,0.5,0.5,0.5,0.5,0.5,0.445,0.5,0.5,0.5,0.5,0.5,0.5,0.35,0.5,0.5,0.5,0.5,0.5,0.47,0.5,0.5,0.5,0.5,0.5,0.5
0.015,0.015,0.035,0.015,0.5,0.5,0.5,0.5,0.5,0.5,0.5,0.5,0.5,0.5,0.5,0.5,0.5,0.5,0.5,0.5,0.55,0.5,0.5,0.5,0.5,0.395,0.5,0.5,0.5,0.5,0.5,0.5,0.5,0.5,0.5,0.5,0.5,0.5,0.5,0.5
0.015,0.015,0.035,0.015,0.5,0.5,0.5,0.5,0.5,0.5,0.5,0.5,0.5,0.5,0.5,0.485,0.5,0.5,0.5,0.5,0.5,0.5,0.5,0.5,0.5,0.5,0.5,0.5,0.5,0.5,0.5,0.5,0.5,0.5,0.5,0.34,0.5,0.5,0.5,0.5
0.015,0.015,0.035,0.015,0.5,0.5,0.5,0.5,0.5,0.5,0.5,0.5,0.5,0.5,0.5,0.5,0.5,0.495,0.5,0.5,0.5,0.5,0.5,0.5,0.5,0.37,0.5,0.5,0.5,0.5,0.5,0.5,0.5,0.5,0.5,0.5,0.435,0.5,0.5,0.5
0.015,0.015,0.035,0.015,0.5,0.5,0.5,0.5,0.5,0.5,0.5,0.45,0.5,0.5,0.5,0.5,0.5,0.5,0.5,0.5,0.5,0.5,0.5,0.5,0.5,0.385,0.5,0.5,0.5,0.5,0.5,0.5,0.5,0.5,0.5,0.35,0.5,0.5,0.5,0.5
0.015,0.015,0.035,0.015,0.5,0.5,0.5,0.5,0.5,0.5,0.5,0.5,0.5,0.5,0.49,0.5,0.5,0.5,0.5,0.5,0.5,0.5,0.5,0.5,0.5,0.5,0.5,0.5,0.5,0.5,0.5,0.5,0.5,0.5,0.5,0.5,0.5,0.5,0.5,0.5
0.015,0.015,0.035,0.015,0.5,0.5,0.5,0.5,0.5,0.5,0.5,0.5,0.5,0.415,0.475,0.5,0.5,0.5,0.5,0.5,0.5,0.5,0.5,0.5,0.5,0.5,0.5,0.5,0.5,0.5,0.5,0.39,0.5,0.5,0.5,0.5,0.5,0.5,0.5,0.5
0.015,0.015,0.035,0.015,0.5,0.435,0.5,0.5,0.5,0.5,0.5,0.5,0.5,0.5,0.5,0.5,0.415,0.5,0.5,0.5,0.5,0.5,0.5,0.5,0.5,0.5,0.5,0.5,0.5,0.5,0.5,0.5,0.5,0.5,0.5,0.5,0.5,0.5,0.5,0.5
0.015,0.015,0.035,0.015,0.5,0.5,0.5,0.5,0.5,0.5,0.5,0.5,0.5,0.5,0.5,0.46,0.5,0.5,0.5,0.5,0.5,0.5,0.5,0.5,0.5,0.5,0.5,0.465,0.5,0.5,0.5,0.5,0.5,0.5,0.5,0.5,0.5,0.5,0.395,0.5
0.015,0.015,0.035,0.015,0.5,0.5,0.5,0.5,0.5,0.5,0.5,0.5,0.5,0.5,0.5,0.5,0.5,0.5,0.5,0.5,0.5,0.5,0.5,0.5,0.5,0.5,0.5,0.5,0.5,0.5,0.5,0.5,0.5,0.5,0.5,0.5,0.5,0.5,0.5,0.34
0.015,0.015,0.035,0.015,0.5,0.5,0.5,0.5,0.5,0.5,0.5,0.5,0.5,0.5,0.5,0.5,0.5,0.465,0.5,0.5,0.5,0.5,0.5,0.5,0.5,0.5,0.5,0.5,0.5,0.5,0.5,0.5,0.5,0.5,0.5,0.5,0.5,0.5,0.5,0.5
0.015,0.015,0.035,0.015,0.5,0.5,0.5,0.5,0.5,0.5,0.5,0.5,0.5,0.5,0.5,0.5,0.485,0.5,0.5,0.5,0.5,0.415,0.455,0.5,0.5,0.5,0.5,0.5,0.5,0.5,0.5,0.5,0.5,0.5,0.5,0.5,0.5,0.5,0.5,0.5
0.015,0.015,0.035,0.015,0.5,0.5,0.5,0.5,0.5,0.5,0.5,0.5,0.5,0.5,0.5,0.5,0.5,0.47,0.5,0.5,0.5,0.5,0.5,0.5,0.5,0.5,0.5,0.5,0.5,0.5,0.5,0.5,0.5,0.5,0.5,0.5,0.51,0.5,0.5,0.5
0.015,0.015,0.035,0.015,0.5,0.5,0.5,0.5,0.5,0.5,0.5,0.465,0.5,0.5,0.5,0.5,0.5,0.5,0.5,0.5,0.5,0.5,0.495,0.47,0.5,0.5,0.5,0.5,0.5,0.5,0.5,0.5,0.5,0.5,0.5,0.5,0.5,0.5,0.5,0.5
0.015,0.015,0.035,0.015,0.5,0.5,0.5,0.5,0.5,0.5,0.5,0.5,0.39,0.5,0.5,0.5,0.5,0.5,0.5,0.5,0.5,0.5,0.5,0.5,0.5,0.38,0.5,0.5,0.5,0.5,0.5,0.5,0.5,0.5,0.5,0.5,0.5,0.5,0.5,0.5
0.015,0.015,0.035,0.015,0.5,0.5,0.5,0.5,0.5,0.5,0.5,0.5,0.5,0.5,0.5,0.5,0.5,0.5,0.5,0.5,0.5,0.5,0.39,0.5,0.5,0.5,0.5,0.5,0.5,0.5,0.5,0.5,0.5,0.5,0.5,0.5,0.5,0.5,0.5,0.5
0.015,0.015,0.035,0.015,0.5,0.5,0.5,0.5,0.5,0.5,0.5,0.5,0.5,0.5,0.5,0.5,0.5,0.51,0.51,0.5,0.5,0.5,0.5,0.5,0.5,0.5,0.5,0.5,0.37,0.5,0.5,0.5,0.5,0.5,0.5,0.5,0.5,0.5,0.5,0.5
0.015,0.015,0.035,0.015,0.5,0.5,0.5,0.5,0.5,0.5,0.5,0.5,0.5,0.5,0.5,0.5,0.5,0.5,0.5,0.5,0.5,0.5,0.5,0.41,0.435,0.5,0.5,0.5,0.5,0.5,0.5,0.5,0.5,0.5,0.5,0.5,0.5,0.5,0.5,0.5
0.015,0.015,0.035,0.015,0.5,0.5,0.5,0.5,0.5,0.5,0.5,0.5,0.5,0.5,0.5,0.5,0.375,0.5,0.5,0.5,0.5,0.5,0.5,0.5,0.5,0.5,0.5,0.5,0.5,0.5,0.5,0.5,0.5,0.5,0.495,0.5,0.5,0.5,0.5,0.5
0.015,0.015,0.035,0.015,0.5,0.5,0.5,0.48,0.5,0.5,0.5,0.5,0.5,0.5,0.5,0.5,0.5,0.5,0.5,0.5,0.415,0.5,0.5,0.5,0.5,0.5,0.5,0.5,0.5,0.5,0.5,0.5,0.5,0.5,0.5,0.5,0.375,0.5,0.5,0.5
0.015,0.015,0.035,0.015,0.5,0.5,0.5,0.5,0.5,0.5,0.5,0.5,0.5,0.5,0.5,0.5,0.5,0.495,0.5,0.5,0.5,0.5,0.5,0.405,0.5,0.5,0.5,0.5,0.465,0.5,0.5,0.5,0.5,0.5,0.5,0.5,0.5,0.5,0.5,0.5
0.015,0.015,0.035,0.015,0.5,0.5,0.5,0.5,0.5,0.5,0.5,0.5,0.5,0.5,0.505,0.5,0.5,0.5,0.5,0.5,0.39,0.5,0.5,0.5,0.5,0.5,0.5,0.5,0.37,0.5,0.5,0.5,0.5,0.5,0.5,0.5,0.5,0.5,0.5,0.5
0.015,0.015,0.035,0.015,0.5,0.5,0.5,0.5,0.5,0.5,0.5,0.5,0.5,0.5,0.5,0.5,0.5,0.485,0.5,0.5,0.5,0.5,0.5,0.5,0.5,0.5,0.355,0.5,0.5,0.5,0.5,0.5,0.5,0.5,0.5,0.47,0.5,0.5,0.5,0.5
0.015,0.015,0.035,0.015,0.5,0.5,0.5,0.5,0.5,0.5,0.5,0.5,0.5,0.5,0.5,0.5,0.5,0.5,0.5,0.5,0.5,0.5,0.5,0.5,0.5,0.5,0.5,0.5,0.5,0.5,0.5,0.37,0.5,0.5,0.5,0.5,0.5,0.5,0.5,0.5
0.015,0.015,0.035,0.015,0.5,0.5,0.5,0.5,0.5,0.5,0.5,0.5,0.5,0.5,0.5,0.5,0.5,0.5,0.5,0.5,0.5,0.5,0.5,0.5,0.5,0.5,0.445,0.5,0.5,0.5,0.5,0.5,0.5,0.5,0.5,0.5,0.405,0.5,0.5,0.5
0.015,0.015,0.035,0.015,0.5,0.5,0.5,0.5,0.5,0.5,0.5,0.5,0.5,0.5,0.5,0.5,0.5,0.495,0.5,0.5,0.5,0.5,0.5,0.5,0.5,0.5,0.5,0.5,0.5,0.5,0.5,0.5,0.5,0.5,0.5,0.5,0.5,0.33,0.5,0.5
0.015,0.015,0.035,0.015,0.5,0.5,0.5,0.5,0.5,0.5,0.5,0.5,0.5,0.5,0.5,0.5,0.5,0.5,0.53,0.5,0.5,0.5,0.5,0.405,0.5,0.5,0.5,0.5,0.5,0.5,0.5,0.5,0.5,0.5,0.5,0.5,0.5,0.5,0.5,0.5
0.015,0.015,0.035,0.015,0.5,0.5,0.5,0.5,0.5,0.5,0.5,0.5,0.38,0.5,0.5,0.5,0.5,0.5,0.5,0.5,0.5,0.5,0.5,0.5,0.5,0.5,0.5,0.5,0.5,0.5,0.5,0.39,0.5,0.5,0.5,0.5,0.5,0.5,0.5,0.5
0.015,0.015,0.035,0.015,0.5,0.5,0.5,0.5,0.5,0.5,0.5,0.5,0.475,0.5,0.5,0.5,0.5,0.5,0.5,0.415,0.5,0.5,0.5,0.5,0.5,0.5,0.5,0.5,0.5,0.5,0.5,0.5,0.5,0.5,0.5,0.5,0.5,0.5,0.5,0.5
0.015,0.015,0.035,0.015,0.5,0.5,0.5,0.5,0.5,0.5,0.5,0.5,0.5,0.5,0.5,0.5,0.5,0.48,0.5,0.5,0.5,0.5,0.5,0.5,0.5,0.5,0.5,0.5,0.405,0.5,0.5,0.5,0.5,0.5,0.5,0.5,0.5,0.5,0.5,0.5
0.015,0.015,0.035,0.015,0.5,0.5,0.5,0.5,0.5,0.5,0.5,0.5,0.5,0.5,0.5,0.5,0.5,0.48,0.5,0.5,0.5,0.5,0.5,0.405,0.5,0.5,0.5,0.5,0.5,0.5,0.5,0.5,0.5,0.5,0.5,0.5,0.5,0.5,0.5,0.5
0.015,0.015,0.035,0.015,0.5,0.5,0.5,0.5,0.5,0.505,0.5,0.5,0.5,0.5,0.5,0.5,0.5,0.5,0.5,0.5,0.5,0.51,0.5,0.5,0.5,0.5,0.5,0.5,0.5,0.5,0.5,0.5,0.5,0.5,0.5,0.495,0.5,0.5,0.5,0.5
0.015,0.015,0.035,0.015,0.5,0.5,0.5,0.5,0.5,0.5,0.5,0.5,0.5,0.5,0.5,0.5,0.5,0.405,0.5,0.5,0.5,0.5,0.5,0.5,0.5,0.385,0.5,0.5,0.5,0.5,0.5,0.5,0.5,0.5,0.5,0.5,0.5,0.5,0.5,0.51
0.015,0.015,0.035,0.015,0.5,0.5,0.5,0.5,0.5,0.5,0.5,0.5,0.405,0.5,0.5,0.5,0.5,0.5,0.5,0.425,0.5,0.5,0.5,0.5,0.5,0.5,0.5,0.5,0.5,0.5,0.5,0.5,0.5,0.42,0.5,0.5,0.5,0.5,0.5,0.5
0.015,0.015,0.035,0.015,0.5,0.5,0.5,0.5,0.5,0.5,0.5,0.5,0.5,0.5,0.5,0.5,0.5,0.5,0.5,0.425,0.5,0.5,0.5,0.5,0.5,0.5,0.5,0.5,0.5,0.5,0.5,0.5,0.5,0.5,0.5,0.5,0.39,0.5,0.5,0.5
0.015,0.015,0.035,0.015,0.5,0.5,0.5,0.5,0.5,0.5,0.5,0.5,0.395,0.5,0.5,0.5,0.5,0.5,0.5,0.5,0.5,0.5,0.5,0.5,0.5,0.385,0.5,0.5,0.5,0.5,0.5,0.5,0.5,0.5,0.5,0.5,0.5,0.5,0.5,0.5
0.015,0.015,0.035,0.015,0.5,0.5,0.5,0.5,0.5,0.5,0.5,0.5,0.5,0.5,0.5,0.54,0.5,0.5,0.5,0.5,0.53,0.5,0.5,0.5,0.5,0.5,0.5,0.5,0.5,0.5,0.5,0.5,0.5,0.5,0.5,0.42,0.5,0.5,0.5,0.5
0.015,0.015,0.035,0.015,0.5,0.5,0.5,0.5,0.5,0.5,0.5,0.5,0.5,0.5,0.5,0.5,0.5,0.5,0.5,0.5,0.5,0.395,0.5,0.5,0.5,0.5,0.5,0.5,0.5,0.5,0.5,0.5,0.345,0.5,0.5,0.5,0.5,0.5,0.5,0.5
0.015,0.015,0.035,0.015,0.5,0.5,0.5,0.5,0.5,0.5,0.5,0.5,0.5,0.45,0.5,0.5,0.5,0.5,0.5,0.5,0.385,0.5,0.5,0.5,0.5,0.5,0.5,0.5,0.5,0.5,0.5,0.5,0.5,0.5,0.5,0.5,0.5,0.5,0.38,0.5
0.015,0.015,0.035,0.015,0.5,0.5,0.5,0.5,0.5,0.5,0.5,0.5,0.5,0.5,0.5,0.5,0.5,0.5,0.5,0.5,0.5,0.5,0.5,0.5,0.5,0.5,0.5,0.5,0.5,0.5,0.5,0.4,0.5,0.5,0.5,0.5,0.5,0.5,0.5,0.5
0.015,0.015,0.035,0.015,0.5,0.5,0.5,0.5,0.5,0.5,0.5,0.5,0.43,0.5,0.5,0.5,0.5,0.5,0.5,0.5,0.5,0.5,0.5,0.405,0.5,0.5,0.5,0.5,0.5,0.505,0.5,0.5,0.5,0.5,0.5,0.5,0.5,0.5,0.5,0.5
0.015,0.015,0.035,0.015,0.5,0.5,0.5,0.5,0.5,0.5,0.5,0.5,0.5,0.5,0.5,0.5,0.395,0.5,0.5,0.5,0.5,0.405,0.5,0.5,0.5,0.5,0.5,0.5,0.5,0.5,0.5,0.5,0.35,0.5,0.5,0.5,0.5,0.5,0.5,0.5
0.015,0.015,0.035,0.015,0.5,0.5,0.5,0.5,0.5,0.5,0.5,0.5,0.5,0.5,0.5,0.5,0.5,0.5,0.5,0.5,0.5,0.5,0.5,0.5,0.5,0.5,0.5,0.5,0.41,0.5,0.5,0.5,0.5,0.5,0.5,0.5,0.5,0.5,0.5,0.5
0.015,0.015,0.035,0.015,0.5,0.5,0.5,0.5,0.5,0.5,0.5,0.5,0.5,0.5,0.5,0.5,0.395,0.5,0.5,0.5,0.5,0.5,0.5,0.5,0.5,0.5,0.5,0.5,0.5,0.5,0.5,0.5,0.5,0.5,0.425,0.5,0.5,0.5,0.5,0.5
0.015,0.015,0.035,0.015,0.5,0.5,0.5,0.5,0.5,0.5,0.5,0.5,0.5,0.5,0.5,0.5,0.5,0.5,0.5,0.5,0.5,0.5,0.5,0.5,0.5,0.5,0.5,0.5,0.45,0.5,0.5,0.5,0.5,0.5,0.5,0.5,0.5,0.5,0.5,0.5
0.015,0.015,0.035,0.015,0.5,0.5,0.5,0.5,0.5,0.5,0.5,0.5,0.5,0.5,0.5,0.5,0.5,0.5,0.5,0.5,0.5,0.5,0.5,0.5,0.5,0.5,0.5,0.5,0.5,0.5,0.5,0.5,0.5,0.5,0.5,0.5,0.5,0.5,0.5,0.5
0.015,0.015,0.035,0.015,0.5,0.5,0.5,0.5,0.5,0.505,0.5,0.5,0.5,0.5,0.5,0.5,0.5,0.5,0.43,0.5,0.385,0.46,0.5,0.5,0.5,0.5,0.5,0.5,0.5,0.5,0.5,0.5,0.5,0.5,0.505,0.5,0.5,0.5,0.5,0.5
0.015,0.015,0.035,0.015,0.5,0.5,0.5,0.5,0.5,0.5,0.5,0.5,0.405,0.5,0.5,0.5,0.5,0.5,0.5,0.475,0.5,0.5,0.5,0.5,0.5,0.5,0.5,0.5,0.42,0.5,0.5,0.5,0.5,0.5,0.5,0.5,0.5,0.5,0.5,0.5
0.015,0.015,0.035,0.015,0.5,0.5,0.5,0.5,0.5,0.5,0.5,0.5,0.5,0.5,0.5,0.5,0.455,0.51,0.5,0.5,0.5,0.5,0.485,0.5,0.5,0.5,0.5,0.5,0.5,0.5,0.5,0.5,0.5,0.5,0.34,0.5,0.5,0.5,0.5,0.5
0.015,0.015,0.035,0.015,0.5,0.5,0.5,0.5,0.5,0.5,0.5,0.5,0.5,0.5,0.5,0.5,0.5,0.495,0.5,0.5,0.5,0.5,0.5,0.5,0.5,0.5,0.395,0.5,0.5,0.5,0.5,0.5,0.5,0.5,0.5,0.5,0.5,0.5,0.5,0.5
0.015,0.015,0.035,0.015,0.5,0.5,0.5,0.5,0.5,0.5,0.5,0.5,0.4,0.5,0.5,0.5,0.5,0.5,0.5,0.5,0.545,0.5,0.5,0.5,0.5,0.5,0.5,0.5,0.395,0.5,0.5,0.5,0.5,0.5,0.5,0.5,0.5,0.5,0.5,0.5
0.015,0.015,0.035,0.015,0.5,0.5,0.5,0.5,0.5,0.505,0.5,0.5,0.5,0.5,0.5,0.5,0.5,0.41,0.5,0.5,0.5,0.5,0.5,0.5,0.5,0.5,0.5,0.5,0.5,0.5,0.5,0.5,0.5,0.5,0.5,0.5,0.5,0.5,0.415,0.5
0.015,0.015,0.035,0.015,0.5,0.5,0.5,0.5,0.5,0.435,0.5,0.5,0.5,0.5,0.5,0.5,0.5,0.5,0.5,0.395,0.5,0.5,0.5,0.5,0.5,0.5,0.5,0.5,0.41,0.5,0.5,0.5,0.5,0.5,0.5,0.5,0.5,0.5,0.5,0.5
0.015,0.015,0.035,0.015,0.5,0.5,0.5,0.5,0.5,0.5,0.5,0.5,0.5,0.5,0.545,0.5,0.5,0.5,0.425,0.5,0.5,0.41,0.46,0.5,0.5,0.5,0.5,0.5,0.5,0.5,0.5,0.5,0.5,0.5,0.5,0.5,0.5,0.5,0.5,0.5
0.015,0.015,0.035,0.015,0.5,0.5,0.5,0.5,0.5,0.5,0.5,0.5,0.5,0.5,0.5,0.5,0.5,0.5,0.5,0.5,0.5,0.5,0.5,0.5,0.51,0.5,0.5,0.5,0.5,0.5,0.5,0.5,0.5,0.5,0.5,0.5,0.5,0.5,0.5,0.5
0.015,0.015,0.035,0.015,0.5,0.5,0.5,0.5,0.5,0.5,0.47,0.5,0.5,0.5,0.5,0.5,0.5,0.475,0.5,0.5,0.5,0.5,0.5,0.5,0.515,0.5,0.5,0.5,0.51,0.5,0.5,0.5,0.49,0.5,0.5,0.5,0.5,0.5,0.5,0.5
0.015,0.015,0.035,0.015,0.5,0.5,0.5,0.5,0.5,0.5,0.5,0.5,0.5,0.5,0.5,0.5,0.5,0.5,0.5,0.43,0.5,0.5,0.5,0.5,0.5,0.5,0.5,0.5,0.5,0.5,0.5,0.5,0.5,0.5,0.5,0.5,0.49,0.5,0.5,0.5
0.015,0.015,0.035,0.015,0.5,0.5,0.5,0.5,0.5,0.5,0.5,0.5,0.5,0.485,0.5,0.5,0.5,0.495,0.5,0.5,0.5,0.5,0.5,0.5,0.5,0.5,0.5,0.5,0.465,0.5,0.5,0.5,0.5,0.5,0.5,0.5,0.5,0.5,0.5,0.5
0.015,0.015,0.035,0.015,0.5,0.5,0.5,0.5,0.5,0.5,0.5,0.5,0.5,0.49,0.5,0.5,0.5,0.505,0.5,0.5,0.5,0.5,0.5,0.5,0.5,0.5,0.5,0.5,0.5,0.5,0.5,0.5,0.38,0.5,0.5,0.5,0.5,0.5,0.5,0.5
0.015,0.015,0.035,0.015,0.5,0.5,0.5,0.5,0.5,0.5,0.5,0.5,0.405,0.5,0.5,0.5,0.5,0.5,0.5,0.5,0.5,0.5,0.5,0.35,0.5,0.5,0.5,0.5,0.5,0.5,0.5,0.5,0.5,0.5,0.5,0.38,0.5,0.5,0.5,0.5
0.015,0.015,0.035,0.015,0.5,0.5,0.5,0.5,0.5,0.5,0.5,0.5,0.5,0.5,0.5,0.485,0.5,0.5,0.5,0.475,0.475,0.5,0.5,0.5,0.5,0.5,0.5,0.5,0.5,0.5,0.5,0.5,0.5,0.5,0.415,0.5,0.5,0.5,0.5,0.5
0.015,0.015,0.035,0.015,0.5,0.5,0.5,0.5,0.5,0.5,0.5,0.5,0.5,0.5,0.5,0.445,0.5,0.5,0.5,0.5,0.5,0.5,0.5,0.5,0.5,0.5,0.5,0.5,0.5,0.5,0.5,0.5,0.41,0.5,0.5,0.5,0.5,0.5,0.5,0.5
0.015,0.015,0.035,0.015,0.5,0.5,0.5,0.5,0.5,0.5,0.5,0.5,0.5,0.5,0.5,0.54,0.5,0.5,0.5,0.5,0.5,0.5,0.5,0.5,0.5,0.5,0.405,0.5,0.5,0.5,0.5,0.5,0.5,0.5,0.5,0.5,0.5,0.5,0.5,0.5
0.015,0.015,0.035,0.015,0.5,0.5,0.5,0.5,0.5,0.5,0.5,0.5,0.5,0.45,0.5,0.5,0.5,0.5,0.5,0.5,0.5,0.5,0.5,0.5,0.5,0.505,0.5,0.365,0.5,0.5,0.5,0.5,0.5,0.5,0.5,0.5,0.5,0.5,0.5,0.5
0.015,0.015,0.035,0.015,0.5,0.5,0.5,0.5,0.5,0.5,0.5,0.5,0.5,0.5,0.5,0.5,0.5,0.5,0.5,0.5,0.5,0.5,0.5,0.5,0.5,0.5,0.5,0.5,0.5,0.5,0.5,0.41,0.5,0.5,0.5,0.5,0.5,0.5,0.5,0.5
0.015,0.015,0.035,0.015,0.5,0.5,0.5,0.5,0.5,0.465,0.5,0.5,0.5,0.5,0.5,0.5,0.5,0.5,0.5,0.5,0.5,0.5,0.5,0.5,0.5,0.5,0.5,0.5,0.5,0.5,0.56,0.5,0.5,0.5,0.5,0.5,0.5,0.5,0.5,0.5
0.015,0.015,0.035,0.015,0.5,0.5,0.5,0.5,0.5,0.5,0.5,0.5,0.5,0.5,0.365,0.5,0.5,0.5,0.5,0.5,0.5,0.5,0.5,0.5,0.5,0.5,0.5,0.5,0.5,0.5,0.5,0.5,0.5,0.5,0.37,0.5,0.5,0.5,0.5,0.5
0.015,0.015,0.035,0.015,0.5,0.5,0.5,0.5,0.5,0.5,0.5,0.5,0.43,0.5,0.5,0.5,0.5,0.5,0.5,0.5,0.5,0.5,0.5,0.5,0.5,0.505,0.5,0.495,0.5,0.5,0.5,0.5,0.5,0.5,0.5,0.5,0.5,0.5,0.5,0.5
0.015,0.015,0.035,0.015,0.5,0.5,0.5,0.5,0.5,0.5,0.5,0.5,0.5,0.5,0.5,0.5,0.5,0.5,0.5,0.5,0.5,0.5,0.5,0.5,0.5,0.5,0.5,0.5,0.5,0.5,0.5,0.5,0.5,0.5,0.5,0.5,0.5,0.5,0.5,0.5
0.015,0.015,0.035,0.015,0.5,0.5,0.5,0.5,0.5,0.5,0.5,0.5,0.5,0.5,0.49,0.5,0.5,0.5,0.5,0.5,0.5,0.5,0.5,0.5,0.5,0.5,0.5,0.5,0.5,0.5,0.5,0.5,0.5,0.5,0.5,0.35,0.5,0.5,0.5,0.5
0.015,0.015,0.035,0.015,0.5,0.5,0.5,0.5,0.5,0.5,0.5,0.5,0.5,0.5,0.5,0.5,0.5,0.5,0.5,0.5,0.5,0.5,0.445,0.5,0.5,0.5,0.5,0.5,0.5,0.41,0.5,0.5,0.5,0.5,0.5,0.5,0.5,0.5,0.5,0.5
0.015,0.015,0.035,0.015,0.5,0.5,0.5,0.5,0.5,0.5,0.42,0.5,0.5,0.5,0.5,0.5,0.5,0.5,0.5,0.5,0.5,0.5,0.5,0.435,0.5,0.5,0.5,0.5,0.5,0.5,0.5,0.5,0.5,0.5,0.5,0.5,0.5,0.5,0.5,0.5
0.015,0.015,0.035,0.015,0.5,0.5,0.5,0.5,0.5,0.5,0.5,0.5,0.5,0.5,0.5,0.5,0.5,0.485,0.5,0.5,0.475,0.5,0.5,0.5,0.5,0.5,0.5,0.5,0.5,0.5,0.5,0.5,0.5,0.5,0.5,0.5,0.5,0.5,0.5,0.5
0.015,0.015,0.035,0.015,0.5,0.5,0.5,0.5,0.5,0.5,0.5,0.5,0.5,0.5,0.5,0.5,0.5,0.49,0.5,0.5,0.5,0.5,0.5,0.5,0.5,0.5,0.5,0.5,0.5,0.43,0.5,0.5,0.5,0.5,0.5,0.5,0.5,0.5,0.5,0.5
0.015,0.015,0.035,0.015,0.5,0.5,0.5,0.5,0.5,0.5,0.5,0.5,0.5,0.5,0.505,0.5,0.5,0.5,0.5,0.5,0.5,0.43,0.5,0.5,0.5,0.5,0.5,0.5,0.5,0.5,0.5,0.5,0.5,0.5,0.5,0.5,0.5,0.5,0.5,0.5
0.015,0.015,0.035,0.015,0.5,0.5,0.5,0.5,0.5,0.5,0.5,0.5,0.445,0.505,0.5,0.5,0.5,0.5,0.5,0.5,0.5,0.5,0.5,0.5,0.5,0.5,0.38,0.5,0.5,0.5,0.5,0.5,0.5,0.5,0.5,0.5,0.5,0.5,0.5,0.5
0.015,0.015,0.035,0.015,0.5,0.5,0.5,0.5,0.5,0.5,0.5,0.5,0.5,0.5,0.5,0.5,0.5,0.51,0.5,0.5,0.5,0.5,0.5,0.5,0.5,0.44,0.5,0.5,0.5,0.5,0.5,0.5,0.5,0.41,0.5,0.5,0.5,0.5,0.5,0.5
0.015,0.015,0.035,0.015,0.5,0.5,0.5,0.5,0.5,0.5,0.5,0.5,0.475,0.5,0.5,0.5,0.5,0.5,0.5,0.5,0.5,0.5,0.5,0.43,0.5,0.5,0.5,0.5,0.5,0.5,0.5,0.5,0.5,0.5,0.5,0.5,0.5,0.5,0.5,0.5
0.015,0.015,0.035,0.015,0.5,0.5,0.5,0.5,0.5,0.5,0.5,0.5,0.5,0.5,0.5,0.5,0.4,0.5,0.5,0.5,0.5,0.5,0.5,0.5,0.5,0.5,0.5,0.5,0.5,0.5,0.5,0.5,0.5,0.48,0.5,0.5,0.5,0.5,0.5,0.5
0.015,0.015,0.035,0.015,0.5,0.5,0.5,0.5,0.5,0.5,0.5,0.5,0.5,0.5,0.5,0.5,0.5,0.5,0.5,0.43,0.5,0.5,0.5,0.5,0.5,0.5,0.5,0.5,0.5,0.5,0.5,0.5,0.5,0.45,0.5,0.5,0.5,0.5,0.5,0.5
0.015,0.015,0.035,0.015,0.5,0.5,0.5,0.5,0.5,0.5,0.5,0.5,0.5,0.5,0.5,0.5,0.5,0.5,0.5,0.5,0.5,0.5,0.5,0.5,0.5,0.5,0.5,0.5,0.5,0.5,0.5,0.5,0.5,0.5,0.5,0.5,0.5,0.5,0.5,0.5
0.015,0.015,0.035,0.015,0.5,0.5,0.5,0.5,0.5,0.5,0.5,0.5,0.5,0.45,0.47,0.5,0.5,0.5,0.5,0.5,0.5,0.5,0.43,0.5,0.49,0.5,0.5,0.5,0.5,0.5,0.5,0.5,0.5,0.49,0.5,0.5,0.5,0.5,0.5,0.5
0.015,0.015,0.035,0.015,0.5,0.5,0.5,0.5,0.5,0.5,0.5,0.5,0.5,0.5,0.5,0.5,0.5,0.48,0.5,0.5,0.5,0.5,0.5,0.5,0.5,0.5,0.5,0.5,0.5,0.5,0.5,0.5,0.5,0.5,0.5,0.5,0.5,0.5,0.5,0.5
0.015,0.015,0.035,0.015,0.5,0.5,0.5,0.5,0.5,0.53,0.5,0.5,0.5,0.5,0.5,0.5,0.5,0.5,0.5,0.5,0.5,0.5,0.5,0.5,0.5,0.5,0.5,0.5,0.5,0.5,0.5,0.5,0.5,0.435,0.5,0.5,0.5,0.5,0.5,0.5
0.015,0.015,0.035,0.015,0.5,0.5,0.5,0.5,0.5,0.5,0.5,0.5,0.5,0.5,0.5,0.5,0.5,0.48,0.5,0.5,0.5,0.5,0.5,0.5,0.5,0.5,0.5,0.445,0.5,0.5,0.5,0.5,0.5,0.5,0.5,0.5,0.5,0.5,0.5,0.5
0.015,0.015,0.035,0.015,0.5,0.5,0.5,0.5,0.5,0.5,0.5,0.5,0.5,0.5,0.5,0.5,0.5,0.5,0.5,0.5,0.5,0.5,0.5,0.5,0.5,0.5,0.42,0.5,0.5,0.5,0.5,0.5,0.5,0.5,0.5,0.5,0.5,0.5,0.5,0.5
0.015,0.015,0.035,0.015,0.5,0.5,0.5,0.5,0.5,0.5,0.5,0.5,0.5,0.5,0.5,0.5,0.5,0.5,0.5,0.5,0.5,0.5,0.5,0.5,0.5,0.5,0.5,0.5,0.5,0.5,0.5,0.5,0.5,0.5,0.5,0.5,0.5,0.5,0.5,0.5
0.015,0.015,0.035,0.015,0.5,0.5,0.5,0.5,0.5,0.5,0.5,0.5,0.5,0.45,0.5,0.5,0.5,0.5,0.5,0.5,0.44,0.5,0.5,0.5,0.5,0.5,0.5,0.28,0.5,0.5,0.5,0.5,0.5,0.5,0.5,0.5,0.5,0.5,0.5,0.5
0.015,0.015,0.035,0.015,0.5,0.5,0.5,0.5,0.5,0.5,0.5,0.5,0.5,0.5,0.5,0.5,0.5,0.47,0.5,0.5,0.5,0.5,0.5,0.5,0.5,0.5,0.5,0.5,0.5,0.5,0.5,0.5,0.5,0.5,0.5,0.5,0.385,0.5,0.5,0.5
0.015,0.015,0.035,0.015,0.5,0.5,0.5,0.5,0.5,0.5,0.5,0.5,0.5,0.5,0.5,0.495,0.5,0.5,0.5,0.5,0.5,0.5,0.5,0.5,0.5,0.5,0.475,0.5,0.5,0.5,0.5,0.5,0.5,0.5,0.5,0.5,0.43,0.5,0.5,0.5
0.015,0.015,0.035,0.015,0.5,0.5,0.5,0.5,0.5,0.5,0.5,0.5,0.5,0.5,0.4,0.5,0.5,0.51,0.5,0.5,0.5,0.5,0.5,0.5,0.5,0.5,0.5,0.5,0.5,0.5,0.5,0.5,0.34,0.5,0.5,0.5,0.5,0.5,0.5,0.5
0.015,0.015,0.035,0.015,0.5,0.5,0.5,0.5,0.5,0.5,0.5,0.5,0.5,0.5,0.5,0.5,0.5,0.495,0.5,0.5,0.5,0.415,0.5,0.5,0.5,0.5,0.5,0.5,0.5,0.5,0.5,0.5,0.5,0.5,0.5,0.5,0.5,0.5,0.385,0.5
0.015,0.015,0.035,0.015,0.5,0.5,0.5,0.5,0.5,0.5,0.5,0.5,0.5,0.475,0.5,0.5,0.5,0.5,0.5,0.5,0.5,0.5,0.5,0.5,0.5,0.5,0.5,0.5,0.5,0.415,0.5,0.5,0.5,0.5,0.5,0.5,0.5,0.5,0.5,0.5
0.015,0.015,0.035,0.015,0.305,0.02,0.17,0.35,0.44,0.455,0.05,0.485,0.03,0.14,0.105,0.115,0.16,0.15,0.435,0.045,0.5,0.475,0.015,0.475,0.025,0.025,0.16,0.105,0.49,0.035,0.04,0.12,0.195,0.035,0.07,0.03,0.0600000000000001,0.02,0.08,0.0649999999999999
